[gd_scene load_steps=10 format=3 uid="uid://non1ird4x1km"]

[ext_resource type="PackedScene" uid="uid://xag144nxhhpn" path="res://levels/level_base.tscn" id="1_er8ic"]
[ext_resource type="PackedScene" uid="uid://c2ote8ql3pxa" path="res://platforms/platform_b.tscn" id="2_badju"]
[ext_resource type="PackedScene" uid="uid://b48kdjgaubgam" path="res://obstacles/jump_pad/jump_pad.tscn" id="3_gg0pq"]
[ext_resource type="PackedScene" uid="uid://dtuny4brvvc8f" path="res://platforms/platform_a.tscn" id="3_pp60w"]
[ext_resource type="PackedScene" uid="uid://8e2ey38722hg" path="res://obstacles/laser/laser.tscn" id="4_a4hcq"]
[ext_resource type="PackedScene" uid="uid://bfhqbmxjakdab" path="res://platforms/wand.tscn" id="4_ixthw"]
[ext_resource type="PackedScene" uid="uid://b50k5w01i1s5e" path="res://obstacles/canon/canon.tscn" id="5_knvrk"]
[ext_resource type="PackedScene" uid="uid://cf4qey5q5atvs" path="res://platforms/wand_platform.tscn" id="5_qg36t"]
[ext_resource type="PackedScene" uid="uid://dj2dynul1los1" path="res://platforms/tiny_platform.tscn" id="6_1b7dd"]

[node name="LevelBase2" instance=ExtResource("1_er8ic")]

[node name="Player" parent="." index="2"]
transform = Transform3D(1, 0, 0, 0, 1, 0, 0, 0, 1, 0, 10, 0)

[node name="PlatformB" parent="Platforms" index="0" instance=ExtResource("2_badju")]
transform = Transform3D(0.707107, -0.707107, 0, 0.707107, 0.707107, 0, 0, 0, 1, 16.293, 4.53557, -14)

[node name="PlatformB2" parent="Platforms" index="1" instance=ExtResource("2_badju")]
transform = Transform3D(-0.707107, 0.707107, -8.9407e-08, 0.707107, 0.707107, 0, 5.96046e-08, -5.96046e-08, -1, -17.293, 4.53557, -14)

[node name="PlatformB3" parent="Platforms" index="2" instance=ExtResource("2_badju")]
transform = Transform3D(-1, 0, 0, 0, 1, 0, 0, 0, -1, -13, 3, -22)

[node name="PlatformB4" parent="Platforms" index="3" instance=ExtResource("2_badju")]
transform = Transform3D(1, 0, 0, 0, 1, 0, 0, 0, 1, 13, 3, -22)

[node name="PlatformA" parent="Platforms" index="4" instance=ExtResource("3_pp60w")]
transform = Transform3D(1, 0, 0, 0, 1, 0, 0, 0, 1, 0, 7, -32)

[node name="Wand" parent="Platforms" index="5" instance=ExtResource("4_ixthw")]
transform = Transform3D(-4.37114e-08, 0, -1, 0, 1, 0, 1, 0, -4.37114e-08, 6, 14, -32)

[node name="WandPlatform" parent="Platforms" index="6" instance=ExtResource("5_qg36t")]
transform = Transform3D(0.5, 0, 0.866025, 0, 1, 0, -0.866025, 0, 0.5, -8, 19, -36)

[node name="Platform" parent="Platforms" index="7" instance=ExtResource("6_1b7dd")]
transform = Transform3D(1, 0, 0, 0, 1, 0, 0, 0, 1, 2, 19, -56)

[node name="PlatformB5" parent="Platforms" index="8" instance=ExtResource("2_badju")]
transform = Transform3D(1, 0, 0, 0, 1, 0, 0, 0, 1, -18, 11, -37)

[node name="PlatformB6" parent="Platforms" index="9" instance=ExtResource("2_badju")]
transform = Transform3D(1, 0, 0, 0, 1, 0, 0, 0, 1, 17, 9, -44)

[node name="JumpPad" parent="Obstacles" index="0" instance=ExtResource("3_gg0pq")]
transform = Transform3D(1, 0, 0, 0, 1, 0, 0, 0, 1, 0, 5, 0)

[node name="Laser" parent="Obstacles" index="1" instance=ExtResource("4_a4hcq")]
transform = Transform3D(0.707107, -0.707107, 0, 0.707107, 0.707107, 0, 0, 0, 1, 13.707, 7.12155, -14)

[node name="Laser2" parent="Obstacles" index="2" instance=ExtResource("4_a4hcq")]
transform = Transform3D(-0.707107, 0.707107, -8.9407e-08, 0.707107, 0.707107, 0, 5.96046e-08, -5.96046e-08, -1, -14.707, 7.12155, -14)

[node name="Canon" parent="Obstacles" index="3" instance=ExtResource("5_knvrk")]
transform = Transform3D(0.258819, 0, 0.965926, 0, 1, 0, -0.965926, 0, 0.258819, -13, 6.4589, -22)

[node name="Canon2" parent="Obstacles" index="4" instance=ExtResource("5_knvrk")]
transform = Transform3D(0.258819, 0, -0.965926, 0, 1, 0, 0.965926, 0, 0.258819, 13, 6.4589, -22)
initial_delay = 1.0
